57 57 55 55 54 53 51 51 50 49 47 47 47 47 47 47 47 46 45 45 46 46 45 45 45 46 47 47 47 47 49 49 49 49 47 47 47 46 47 47 47 47 47 46 45 43 40 40 39 40 38 38 37 35 33 33 33 33 31 31 31 31 30 30 30 29 29 29 29 29 29 29 29 29 29 29 28 27 27 27 25 25 28 29 30 29 27 25 25 25 25 25 25 25 25 25 25
57 57 55 55 54 52 51 51 50 47 47 47 46 46 46 46 46 45 45 45 45 46 45 45 45 46 47 47 47 47 47 49 49 47 47 47 47 46 47 47 47 47 47 47 46 44 42 40 40 39 38 37 36 34 33 32 32 32 31 30 30 30 29 29 29 28 28 28 28 28 29 29 29 30 30 29 29 28 27 27 25 25 28 29 30 29 27 25 25 25 25 25 25 25 25 25 25
57 57 55 55 54 52 51 51 50 47 47 47 46 46 46 46 46 45 45 45 45 46 45 45 45 46 47 47 47 47 47 49 49 47 47 47 47 47 47 47 47 47 47 47 46 44 42 40 40 39 38 37 35 34 32 32 32 31 31 30 29 29 29 29 29 28 28 28 28 28 29 29 29 30 30 30 29 28 27 27 25 25 28 29 30 29 27 25 25 25 25 27 27 27 27 27 27
57 57 57 55 54 52 51 51 50 49 47 47 46 46 46 46 46 45 45 46 46 46 45 45 45 47 47 47 47 47 49 49 49 49 47 47 47 47 47 47 49 49 47 47 46 45 43 40 40 39 37 36 35 34 32 32 32 31 30 29 29 29 29 29 28 28 28 28 27 28 29 30 30 30 30 30 29 28 28 27 25 25 28 29 30 29 27 25 25 25 27 27 27 27 27 25 25
58 58 58 57 55 53 51 51 51 49 47 47 46 46 46 46 46 46 46 47 47 47 46 46 45 47 47 49 49 49 50 50 50 50 49 47 47 47 47 50 50 50 49 47 47 46 44 42 40 39 38 37 35 34 32 32 32 31 30 30 29 29 29 29 28 28 28 28 27 28 30 30 30 30 30 30 29 29 28 27 25 25 28 29 30 29 27 25 25 25 25 27 27 27 25 25 25
59 59 59 57 55 53 51 51 51 50 47 47 47 47 46 46 46 47 47 47 47 47 47 47 46 47 47 49 50 50 51 51 51 51 50 50 49 49 50 50 51 51 50 49 47 47 45 42 40 40 38 37 36 35 33 32 32 31 31 30 29 29 29 29 28 28 28 28 28 28 30 30 31 31 31 30 30 29 28 27 27 25 28 29 30 29 27 25 25 25 25 27 27 25 25 25 25
60 61 60 58 55 54 52 52 52 51 50 47 47 47 47 47 47 49 50 50 50 49 47 47 46 47 47 50 51 51 51 51 51 51 51 51 50 50 50 51 51 51 51 50 49 47 45 43 42 40 39 38 37 35 34 32 32 32 32 31 30 30 30 29 29 29 28 28 28 30 30 31 31 31 31 31 30 29 28 28 27 25 28 29 30 29 27 25 25 25 25 25 25 25 25 25 23
62 62 60 59 55 54 53 52 52 52 50 50 47 47 47 47 49 50 51 52 52 51 49 47 47 47 49 50 52 52 52 52 52 52 51 51 51 51 51 51 51 51 51 50 47 47 45 43 42 40 39 38 37 36 34 33 33 33 32 32 31 31 30 30 30 29 29 29 29 30 30 30 30 30 30 30 30 29 29 28 27 27 28 29 30 29 27 25 25 25 25 25 25 25 25 23 23
62 62 60 59 58 55 54 53 52 52 51 50 50 47 47 50 50 51 52 52 52 51 49 49 49 50 51 53 54 54 53 53 53 52 51 51 51 51 51 51 51 51 50 49 47 47 46 44 43 40 39 38 36 35 33 32 32 33 32 32 32 31 31 30 30 29 29 29 29 30 30 30 30 30 30 30 30 29 29 29 28 27 28 29 30 29 28 27 27 27 25 25 25 25 24 23 23
62 61 59 59 58 55 54 53 52 51 51 51 50 49 50 50 51 51 53 53 52 51 50 50 50 52 54 55 57 55 54 53 52 51 51 51 52 52 52 52 52 51 50 49 47 47 47 46 45 40 39 37 35 33 31 31 31 32 33 33 32 32 31 30 29 29 29 29 29 29 30 30 29 29 29 29 29 29 30 29 29 28 29 29 30 29 29 29 29 28 27 25 25 25 24 23 23
62 61 59 59 58 57 55 54 52 51 51 51 50 50 50 51 51 52 53 53 52 52 51 51 52 54 57 58 57 55 54 52 51 51 51 51 52 52 51 51 51 51 50 50 49 47 47 47 45 42 39 37 35 33 32 31 31 32 33 33 32 31 31 30 29 29 29 29 29 29 30 30 29 29 29 29 29 29 30 30 29 29 29 30 30 30 30 30 29 28 27 27 25 25 24 23 23
62 61 59 59 58 57 55 54 53 53 52 52 51 51 51 51 52 52 53 53 53 52 52 52 53 55 59 59 55 54 53 51 51 50 51 51 51 51 51 51 51 51 50 50 49 47 47 47 46 42 40 38 35 34 32 32 32 32 32 32 32 31 31 29 29 29 29 28 29 29 29 29 29 29 29 29 29 29 29 29 28 28 29 29 30 30 30 29 28 28 27 27 27 25 24 23 23
62 61 60 59 58 57 55 55 54 54 53 53 52 52 52 52 52 52 53 53 53 52 52 53 53 57 59 58 55 53 51 51 51 50 50 51 51 51 51 51 51 51 50 50 49 47 47 47 46 42 40 39 37 35 33 32 32 32 32 32 32 31 30 29 29 29 28 28 28 29 29 29 29 29 29 29 29 29 29 29 28 28 28 29 29 30 29 29 28 28 27 27 27 25 24 23 23
62 62 60 59 58 57 55 55 55 55 54 54 53 53 53 53 53 53 53 53 53 53 53 53 53 55 55 57 54 52 51 51 51 50 51 51 51 51 51 51 51 51 50 50 49 47 47 47 46 43 40 39 38 36 34 33 32 32 32 32 32 31 30 29 29 28 28 28 28 28 29 29 29 30 30 30 30 29 29 29 28 28 28 29 29 30 29 29 28 28 27 27 27 25 24 23 23
62 62 61 60 59 58 57 55 55 55 54 54 53 53 53 54 54 54 54 54 54 54 52 52 52 53 55 55 54 52 51 51 51 51 51 51 51 52 52 52 52 51 50 49 47 46 46 46 44 43 40 40 39 37 35 34 33 32 32 32 32 30 30 29 28 28 28 28 28 28 28 29 29 30 30 30 30 29 28 28 28 28 28 29 29 29 29 29 28 27 27 27 27 25 24 23 23
62 62 61 60 59 58 57 57 55 55 54 54 54 54 54 54 55 55 55 55 55 54 53 52 52 52 54 54 54 53 53 53 53 53 53 53 53 53 53 54 53 52 51 49 47 46 45 44 44 43 42 40 39 38 36 35 33 32 32 32 31 30 29 28 28 28 27 27 27 27 28 29 29 30 31 31 30 29 28 27 27 27 28 28 28 28 28 28 27 27 27 27 27 25 24 23 23
62 62 62 61 60 59 57 57 55 55 54 54 54 54 54 54 54 55 55 55 55 55 54 53 52 52 54 54 55 54 54 55 55 55 55 55 55 54 54 54 54 52 50 49 47 46 45 44 44 43 42 42 40 39 37 35 34 33 32 32 31 30 29 28 28 27 27 27 27 27 27 28 29 30 31 31 30 29 28 27 27 27 27 28 28 28 28 28 27 27 27 27 27 25 24 23 23
62 62 62 62 61 59 57 57 55 55 54 54 54 54 54 54 54 54 55 55 55 55 54 54 53 54 55 55 55 55 55 55 55 57 57 55 55 55 54 53 53 52 50 49 47 47 46 45 45 44 43 42 42 40 38 35 34 33 31 31 31 30 29 28 27 27 27 27 27 27 27 28 29 30 31 31 31 30 28 27 27 27 27 28 28 28 28 28 27 27 27 27 27 25 24 23 23
62 62 62 61 60 59 58 57 55 55 55 54 53 53 54 54 54 54 55 55 55 55 55 55 55 55 57 57 57 57 57 57 58 58 58 57 57 55 54 53 52 51 50 49 47 47 47 46 46 44 43 43 40 39 37 35 33 32 31 31 30 29 29 28 27 27 27 27 27 27 27 28 29 30 31 32 31 30 29 27 27 27 27 28 28 28 28 28 27 27 27 27 27 25 24 23 23
62 61 60 60 60 60 60 59 57 57 55 55 54 53 54 55 55 55 55 55 55 55 55 55 55 55 57 58 57 57 57 58 58 59 58 58 58 57 55 55 54 52 51 50 49 47 47 47 47 46 44 42 39 38 36 34 33 32 31 30 29 29 29 28 28 27 27 27 27 27 28 29 29 30 31 31 31 30 30 29 28 27 27 25 25 25 25 25 25 27 27 27 25 25 25 24 23
62 61 61 61 61 61 61 60 59 58 55 55 55 54 55 55 55 55 57 57 55 55 55 55 57 57 58 58 58 57 58 58 58 59 59 60 59 59 58 57 55 53 52 51 50 47 47 47 47 46 44 40 39 37 35 34 33 32 31 30 29 29 29 29 28 28 28 28 27 28 29 29 29 29 30 30 30 31 31 30 30 28 27 25 25 25 25 25 25 25 27 27 25 25 25 25 25
62 62 62 62 62 62 61 60 59 57 55 55 55 55 55 55 55 57 57 57 57 57 57 57 58 59 59 59 59 58 58 58 59 59 61 61 61 61 60 57 55 54 52 51 50 47 47 47 47 47 44 40 39 37 35 34 33 32 31 30 29 29 29 29 28 28 28 28 28 28 29 29 29 29 30 30 30 30 31 30 29 28 27 25 25 25 25 25 25 25 25 25 25 25 25 25 25
64 64 62 62 62 62 61 59 57 55 55 55 55 55 55 55 57 58 58 58 58 58 58 58 59 60 61 60 60 59 59 59 59 61 62 62 62 62 61 59 57 55 53 51 50 49 47 47 47 47 44 42 39 37 35 34 33 32 31 30 30 29 29 29 29 28 28 28 28 28 28 28 28 28 29 29 29 30 30 30 29 29 28 25 25 24 24 24 24 24 24 25 25 25 27 27 25
64 64 62 62 62 61 60 58 55 55 55 53 53 54 55 55 55 57 58 58 58 58 58 58 59 60 61 61 60 59 59 60 61 61 62 64 65 64 62 60 58 57 54 52 51 50 50 50 49 47 45 42 39 37 35 35 34 32 31 30 30 30 30 29 29 28 28 28 28 27 27 27 27 28 28 29 29 29 29 29 29 29 28 27 25 25 24 24 23 23 24 25 25 25 28 28 27
65 64 64 62 62 61 59 57 55 55 54 53 53 53 55 55 55 55 57 57 57 57 57 57 58 59 59 60 60 60 60 61 61 62 64 64 65 65 62 61 60 58 55 54 52 52 51 51 51 47 46 42 40 38 36 35 34 32 31 30 30 30 30 30 29 29 28 28 28 27 27 27 27 28 28 29 29 29 29 29 29 29 29 28 27 25 25 24 23 23 24 25 25 25 28 28 28
66 65 64 64 62 61 60 58 57 55 55 54 53 53 55 55 55 55 57 57 57 55 55 55 55 57 58 58 59 59 60 61 62 62 62 64 64 64 62 62 61 59 57 55 54 53 52 52 52 49 47 43 40 38 36 35 34 32 31 31 31 30 30 30 30 29 29 29 28 28 27 27 27 28 28 29 29 29 29 29 29 30 29 29 28 27 25 25 24 24 25 25 25 27 28 29 28
67 66 65 64 62 62 62 61 60 59 57 55 55 55 55 55 55 57 57 57 55 55 55 55 55 55 55 57 57 58 59 61 62 62 62 62 62 62 62 61 60 58 55 54 53 53 53 53 52 50 47 44 40 38 36 35 34 32 30 30 31 31 30 30 30 30 29 29 29 28 27 27 28 28 28 29 29 29 29 29 30 30 30 29 29 29 28 27 25 25 25 25 25 27 28 28 28
69 67 66 65 65 65 65 64 64 62 60 58 57 57 55 57 57 57 57 57 55 55 55 55 54 54 54 55 55 55 58 61 62 62 62 61 60 60 60 59 58 55 54 53 51 51 51 51 50 50 47 44 40 39 37 35 34 32 30 31 31 31 31 30 30 30 30 29 29 28 28 28 28 29 29 30 30 30 30 30 30 30 30 30 30 30 30 29 28 27 27 27 27 27 27 27 27
70 68 68 67 67 67 68 68 67 65 62 61 61 59 59 59 58 58 58 58 57 55 55 55 54 54 54 54 54 55 58 61 62 62 61 60 58 57 57 57 55 54 53 50 49 49 47 49 49 50 47 44 42 39 37 35 34 32 31 31 31 31 31 31 30 30 30 30 29 29 29 29 29 29 30 30 30 31 31 31 30 30 30 31 31 31 31 30 29 28 28 28 28 28 27 25 25
73 70 69 69 69 70 70 72 70 69 66 64 62 62 62 61 60 59 59 59 58 57 55 55 54 54 54 54 55 55 58 61 62 62 61 59 57 55 55 55 55 54 52 49 47 47 49 49 50 49 47 44 42 39 37 35 34 33 31 31 30 30 30 30 30 30 30 30 30 30 30 30 30 30 30 31 31 31 32 32 31 30 30 31 32 31 31 30 29 29 29 29 28 28 27 25 25
73 72 70 70 72 73 75 76 74 70 69 68 67 67 66 64 62 61 61 60 60 59 58 57 55 55 55 55 57 58 59 61 62 62 62 60 58 55 55 54 54 54 52 50 47 47 50 51 51 47 46 44 42 39 37 35 34 33 32 30 29 29 29 29 29 30 30 30 30 30 31 31 31 31 31 31 32 32 33 33 32 31 31 31 31 31 30 30 29 29 29 29 29 28 27 25 25
74 73 72 72 74 76 77 77 76 73 70 70 70 70 69 67 65 62 62 62 62 62 64 64 62 62 59 58 59 61 62 62 64 64 64 62 60 58 57 55 55 55 53 51 49 49 50 51 51 47 46 44 42 39 37 35 34 34 32 30 29 29 29 29 29 30 30 30 30 30 31 31 31 31 31 32 32 32 32 32 32 31 31 31 31 31 30 30 29 29 29 28 28 28 27 27 25
74 72 72 74 75 77 79 79 77 74 70 68 68 69 69 69 68 66 65 65 67 70 73 74 74 70 67 64 62 62 65 66 68 67 66 65 62 61 60 59 58 57 55 52 50 50 50 51 51 47 46 44 42 39 37 35 34 34 32 30 29 29 29 29 29 29 29 29 29 29 30 30 30 30 31 31 31 32 32 32 31 31 31 31 31 31 30 30 29 29 28 27 27 27 27 27 27
75 73 72 73 74 77 77 79 76 70 67 64 64 65 67 69 69 67 67 68 72 77 81 83 83 81 77 74 69 67 69 70 70 70 69 66 65 64 62 62 61 59 55 53 51 51 51 51 51 47 46 44 42 39 37 35 34 34 32 31 30 30 30 30 29 29 29 29 29 29 29 29 29 30 31 31 31 31 31 31 31 31 31 31 31 31 30 30 29 28 27 27 25 25 25 25 27
77 75 73 73 75 76 77 77 76 70 65 64 64 66 68 69 68 67 68 72 77 82 84 85 87 87 87 82 74 70 70 73 73 72 70 69 67 66 65 65 62 61 58 55 53 52 51 51 50 47 46 44 42 39 37 35 34 34 32 31 30 30 30 30 29 29 29 29 29 29 29 29 29 30 31 31 31 31 31 31 31 31 31 31 31 31 30 30 29 28 27 25 25 25 25 25 27
80 79 77 77 77 79 80 80 77 72 67 64 64 66 68 69 69 70 73 77 83 85 85 84 84 87 89 84 76 72 73 74 75 74 72 69 68 67 67 67 64 62 59 57 55 54 52 51 50 47 46 44 42 39 37 35 34 34 32 32 30 30 30 30 29 29 29 28 28 28 28 29 29 30 31 31 31 31 30 30 30 31 31 31 31 31 30 30 29 28 27 25 25 25 25 25 27
84 84 84 84 84 84 84 84 84 77 70 64 61 62 66 70 74 77 82 87 90 90 85 82 80 82 85 84 77 73 75 77 77 75 73 70 69 69 69 68 65 62 60 57 55 55 53 51 50 47 46 44 42 39 37 35 34 34 32 32 31 31 30 30 29 29 28 28 28 28 28 29 29 31 32 32 31 31 30 30 30 31 31 31 31 31 30 30 29 29 28 27 25 25 25 25 27
90 92 92 92 90 88 89 91 91 85 77 67 60 58 64 72 81 88 92 96 97 92 84 77 74 75 79 79 76 75 77 79 79 76 73 70 70 70 69 68 66 62 59 57 55 55 54 51 50 47 46 44 42 39 37 35 34 34 32 32 31 31 31 30 29 28 28 28 28 28 29 29 30 32 33 33 32 31 31 30 30 31 31 31 31 31 30 30 29 29 28 28 27 27 27 27 27
92 96 96 95 92 89 88 90 94 95 90 81 70 65 66 74 84 95 99 102 99 94 84 75 69 68 70 73 74 76 80 81 81 77 74 72 70 70 70 68 66 62 59 57 57 55 54 52 50 47 46 44 40 39 37 35 34 34 32 32 31 31 31 30 29 28 28 28 27 28 29 30 31 32 33 33 33 32 31 31 31 31 31 31 31 31 30 30 29 29 29 28 28 27 27 27 27
96 98 98 95 91 87 84 85 92 100 102 98 88 79 76 79 88 98 105 107 105 96 84 75 68 64 65 68 72 77 81 83 84 80 76 73 74 73 72 69 66 62 60 58 57 55 54 52 50 47 46 43 40 38 36 35 34 34 32 32 31 31 30 28 28 28 28 27 28 28 29 30 31 32 33 33 32 32 32 31 31 31 31 31 31 31 30 30 29 30 30 30 29 28 27 27 25
97 98 97 96 91 85 82 84 92 104 110 111 105 97 89 88 94 103 110 114 113 105 92 82 72 65 62 66 70 77 81 84 87 84 79 77 77 76 73 70 68 65 62 60 58 55 54 52 51 47 46 43 40 38 36 34 33 33 32 32 31 30 29 28 27 27 27 27 28 29 30 30 31 31 31 32 32 32 32 32 32 32 32 32 31 30 29 29 30 31 31 31 30 29 29 28 27
98 98 98 97 92 87 87 92 102 112 118 120 117 110 102 99 102 107 111 115 117 114 109 102 91 77 70 70 75 79 82 85 94 94 87 83 84 80 74 70 68 65 62 60 59 55 54 52 51 47 46 43 40 38 36 34 33 32 32 31 31 30 29 28 27 27 27 27 28 29 30 31 31 31 31 31 31 32 33 33 33 33 32 32 31 30 29 29 30 31 31 31 30 30 29 28 27
100 99 100 99 97 92 94 99 110 119 127 130 129 122 113 105 100 105 109 111 114 119 122 121 113 103 94 90 91 89 88 92 103 106 99 96 94 89 79 70 67 64 62 60 59 57 54 51 49 47 46 43 40 38 36 33 32 32 32 31 30 29 29 28 27 27 27 27 28 29 31 31 31 31 31 31 31 32 32 32 33 33 32 32 31 30 29 29 30 31 31 31 31 30 29 28 28
103 102 102 103 102 99 99 102 111 122 135 144 144 136 124 109 96 94 99 103 110 124 134 136 136 130 125 119 114 105 99 104 113 117 114 110 107 100 87 73 67 62 61 59 58 57 53 50 47 47 45 43 40 38 36 33 32 32 31 30 30 29 29 28 28 27 27 28 28 29 31 31 31 31 31 32 32 32 32 32 32 32 33 32 32 31 29 29 30 31 31 30 30 30 29 27 27
105 104 104 106 105 103 102 103 110 125 142 155 158 151 136 118 96 84 87 95 112 134 149 156 158 156 151 144 136 125 117 117 122 125 124 122 120 112 94 77 68 62 60 58 57 55 53 49 47 46 44 43 40 37 35 33 32 31 30 30 30 29 29 28 28 28 28 28 29 29 31 31 31 31 32 32 32 32 31 31 31 32 33 33 32 31 29 29 30 31 30 30 30 29 28 27 27
106 105 106 106 107 106 105 107 114 129 147 162 166 163 152 136 115 98 95 107 129 154 167 174 177 174 165 156 149 141 133 129 128 128 129 129 127 115 98 82 70 64 58 55 55 54 52 49 47 46 44 42 40 37 35 33 32 30 29 29 29 29 29 29 29 29 29 29 29 30 31 31 31 32 32 32 32 31 31 30 30 31 32 33 32 31 30 29 30 30 30 30 30 29 28 27 27
107 107 106 107 107 107 106 107 114 128 144 159 169 172 167 158 143 129 129 137 155 173 185 192 194 187 173 158 147 140 136 133 127 124 122 122 118 107 94 81 73 64 58 54 54 53 51 49 47 45 44 42 40 37 35 32 31 30 29 29 29 29 30 30 30 30 30 30 30 30 31 31 31 32 32 33 32 31 30 30 30 30 32 33 33 32 30 30 30 30 30 30 30 29 28 27 25
110 110 109 109 107 107 106 107 111 122 137 155 169 177 175 170 160 151 151 157 165 179 189 199 201 192 174 156 140 130 128 126 119 114 113 110 103 92 84 77 70 64 58 54 52 52 50 47 46 45 43 42 40 38 35 33 31 29 29 28 28 29 30 30 30 30 30 30 30 30 31 31 32 32 33 33 32 31 29 29 29 30 32 33 33 32 30 30 30 30 30 30 29 29 28 25 25
115 115 114 114 112 110 107 105 107 114 129 148 166 179 179 173 165 159 155 155 157 163 174 186 187 178 164 148 129 118 113 112 107 102 99 96 87 79 75 70 67 62 57 53 52 51 49 47 46 44 42 42 40 38 36 33 31 29 28 28 28 29 30 30 31 31 31 31 30 30 31 31 32 33 33 33 32 31 29 29 29 30 32 33 33 32 31 30 30 30 30 30 29 28 27 25 25
122 122 121 119 117 114 112 109 109 113 122 141 162 177 177 173 167 163 155 145 136 132 137 144 145 141 137 133 122 106 99 96 92 89 85 82 74 69 67 66 62 61 57 54 52 50 47 46 45 44 42 42 40 38 36 33 31 29 27 27 28 29 30 31 31 32 32 31 30 30 31 32 32 33 33 33 32 31 29 28 29 30 32 33 33 32 31 30 30 30 30 30 29 28 27 25 25
126 125 124 124 125 126 126 125 122 122 127 136 151 164 169 169 169 165 159 144 122 106 104 104 100 103 119 132 128 107 94 88 84 79 74 70 67 64 62 62 61 59 57 55 53 51 47 46 45 44 42 40 40 37 35 32 31 30 29 28 29 30 30 30 31 31 31 31 30 31 31 32 32 32 33 32 32 31 30 29 30 31 32 32 32 32 31 30 30 31 31 31 30 29 28 27 25
129 129 130 133 136 140 141 139 136 130 130 135 144 154 162 167 171 170 160 140 113 92 88 87 83 88 113 135 133 110 91 82 79 72 67 65 64 62 61 62 61 59 57 55 53 52 49 47 45 44 43 40 40 37 35 33 31 31 30 30 30 30 30 30 30 30 30 30 31 31 32 32 32 32 31 31 31 31 30 30 31 31 32 32 32 32 31 31 31 32 32 32 31 30 28 27 25
133 136 141 144 149 151 150 147 142 136 135 136 142 151 159 166 171 170 156 132 106 90 90 92 89 92 113 132 129 107 88 79 76 69 64 62 64 62 62 62 62 61 59 57 55 53 51 49 47 45 43 42 40 38 36 33 32 31 30 30 31 30 30 30 30 30 30 30 31 31 32 32 32 31 31 31 31 30 30 30 31 32 32 32 32 32 32 32 32 32 32 32 31 30 28 27 25
136 143 150 152 155 154 151 144 141 139 139 141 143 147 151 156 158 156 143 121 102 96 100 104 99 96 107 117 115 99 82 75 72 68 64 64 65 64 62 62 64 62 62 59 57 54 52 50 49 46 44 42 40 38 36 34 33 31 31 31 31 31 30 30 30 30 30 31 31 31 32 32 31 31 31 31 30 30 30 30 31 33 33 33 33 33 33 33 33 32 32 32 31 30 28 27 27
139 144 149 150 150 145 142 136 134 136 136 137 136 134 130 129 128 129 124 112 102 99 102 99 95 91 95 102 102 90 77 72 70 66 62 62 64 62 64 65 66 65 64 62 58 55 54 53 51 47 46 44 42 39 37 35 34 33 32 32 31 31 31 30 30 31 31 31 31 32 32 32 31 31 31 31 30 30 30 30 31 32 32 32 32 32 32 32 32 32 32 31 31 30 29 28 27
140 144 145 145 143 139 135 130 129 130 130 129 125 118 113 109 107 111 111 106 102 99 97 94 90 90 91 92 92 84 76 70 67 64 62 62 62 62 64 66 68 67 66 62 60 57 55 55 53 50 47 46 43 40 38 36 34 33 32 32 32 31 31 31 31 31 31 31 32 32 32 32 32 31 31 31 30 30 30 30 31 32 32 32 32 32 32 32 32 32 31 30 30 30 29 28 27
144 144 144 142 139 134 130 128 128 128 126 121 114 109 105 102 100 104 106 104 100 96 91 89 90 92 92 89 85 82 75 70 67 64 62 62 62 62 64 67 69 68 67 64 61 58 55 55 54 51 49 47 45 42 40 37 35 34 33 33 32 31 31 31 31 31 31 31 32 32 32 32 32 32 31 31 31 31 30 30 31 31 31 31 31 31 31 31 31 31 30 30 30 30 29 28 28
149 148 144 141 136 132 129 128 127 126 122 119 114 111 109 107 107 107 106 105 99 95 90 90 95 97 91 84 82 80 76 70 67 65 64 64 62 62 64 67 69 69 68 65 61 58 57 57 55 53 51 47 47 43 40 37 36 34 33 33 32 32 31 31 31 31 31 32 32 33 33 33 33 33 32 32 32 32 31 31 31 30 30 30 30 30 30 30 30 30 29 29 29 29 29 29 28
149 148 144 142 137 133 129 128 128 128 128 126 122 119 115 114 111 109 107 105 102 98 96 96 97 95 88 81 80 81 79 75 70 68 68 67 66 65 66 67 68 70 67 64 61 57 55 55 55 54 52 50 47 43 40 39 37 35 34 33 32 32 32 31 31 32 32 32 32 33 34 34 34 34 33 33 33 33 32 32 31 30 30 30 30 30 30 30 30 30 29 29 29 29 29 29 29
144 144 144 144 141 136 133 130 129 130 130 129 128 124 119 114 112 109 107 106 103 99 99 99 97 92 88 84 81 82 81 77 73 72 72 70 69 67 67 67 68 70 67 64 60 57 55 55 55 54 53 51 47 44 42 39 37 36 34 33 32 32 32 32 32 32 32 32 33 33 35 35 35 34 34 34 34 33 33 33 32 30 30 30 30 30 30 30 30 30 29 28 28 29 30 29 29
141 142 144 144 143 140 136 134 133 133 132 130 128 124 119 114 110 107 106 104 103 102 102 99 96 92 89 87 83 82 82 79 76 74 74 73 70 68 67 67 68 70 68 64 60 55 54 54 55 55 53 51 49 45 43 40 38 36 34 32 32 32 31 31 31 31 32 32 33 34 35 36 35 35 35 35 34 34 33 33 32 31 31 31 31 31 31 31 31 31 29 28 28 28 29 28 27
140 142 144 147 144 142 137 134 132 133 130 129 127 122 119 113 107 103 100 100 102 103 102 100 97 92 88 85 84 82 81 79 77 74 73 72 70 68 67 68 69 70 69 65 60 55 53 52 53 55 53 51 47 45 43 40 38 35 33 32 31 30 30 29 29 30 32 33 34 34 35 35 35 34 34 34 34 34 33 32 31 30 30 30 30 30 29 29 29 29 28 28 28 28 27 25 25
141 142 144 144 145 143 137 134 132 133 132 129 126 122 119 113 106 102 99 100 100 102 102 99 97 92 88 84 83 81 79 77 76 74 73 70 69 67 67 68 70 72 70 66 61 57 54 53 54 54 53 50 47 44 42 40 37 35 33 32 31 30 30 29 29 30 31 32 33 34 34 34 34 34 34 34 34 34 33 32 31 30 30 30 30 30 29 29 29 28 28 29 28 27 25 25 25
143 142 143 144 144 143 137 134 133 132 129 128 124 121 118 112 106 100 99 99 99 99 99 98 96 92 88 84 82 79 77 75 74 72 70 70 68 67 66 67 69 70 69 66 61 57 55 54 54 54 52 49 46 44 40 39 37 34 32 32 31 30 30 29 29 29 31 32 33 33 34 34 34 34 34 34 34 34 33 33 31 30 30 30 30 30 29 29 29 28 28 28 28 27 27 25 25
147 142 142 143 144 143 137 134 132 130 129 125 121 118 114 110 105 100 98 97 97 96 96 95 94 91 87 84 80 77 75 72 70 70 69 68 67 65 64 64 66 67 67 64 60 57 55 53 53 52 50 47 46 43 40 38 36 34 32 32 31 30 30 29 29 29 30 31 32 32 33 33 33 33 33 33 33 34 33 33 32 30 31 31 31 30 29 29 28 28 28 28 28 28 27 25 25
150 143 141 142 143 141 136 133 130 129 126 121 117 114 112 107 102 98 96 96 95 94 92 92 92 90 87 84 80 76 73 70 69 69 68 67 66 64 62 62 62 65 64 62 60 55 54 52 52 50 49 46 45 42 40 38 36 34 32 32 31 31 30 30 29 29 30 30 31 31 32 32 32 32 33 33 33 33 33 33 32 31 31 32 31 31 30 29 28 28 28 28 28 28 27 27 25
150 142 139 137 139 136 134 132 130 129 125 120 115 113 109 105 100 99 98 96 95 94 92 92 92 92 89 85 82 76 73 69 67 68 69 67 66 64 62 62 62 64 64 62 60 57 54 52 51 50 47 46 44 42 40 38 37 35 33 32 32 31 31 30 30 29 29 29 29 29 30 31 31 31 32 32 32 33 33 33 32 32 32 32 32 31 30 29 28 27 27 27 28 28 27 27 27
148 140 136 136 136 134 132 130 130 129 125 120 115 112 109 104 100 99 98 97 96 95 95 95 94 92 92 89 84 79 74 70 69 69 69 69 66 64 62 62 64 64 64 64 61 58 55 53 51 49 47 45 44 42 40 39 37 35 34 32 32 31 31 30 30 29 29 28 28 28 29 30 30 31 31 32 32 32 33 33 32 32 32 32 32 31 30 29 28 27 27 27 27 28 28 27 27
145 140 136 134 134 132 130 130 132 129 125 121 117 113 109 104 99 98 98 97 97 96 96 96 96 94 92 91 87 82 77 72 70 70 70 70 68 65 64 64 65 65 65 65 62 60 55 53 51 49 47 45 44 42 40 40 38 36 34 33 32 32 31 31 30 29 27 27 27 27 28 29 29 30 30 31 31 32 33 33 33 33 33 33 32 31 30 29 28 27 25 25 27 28 28 28 27
143 140 136 135 134 133 133 132 132 129 126 121 115 113 107 103 99 97 97 97 96 96 96 96 96 94 92 92 90 84 80 75 72 72 72 70 69 66 65 65 65 66 65 65 64 60 55 52 51 47 47 45 44 43 40 40 39 37 35 33 32 32 32 31 30 29 27 25 25 25 28 29 29 29 30 31 31 32 33 33 33 34 33 33 33 32 30 29 28 27 25 25 25 27 28 28 28
144 142 141 137 136 135 133 130 129 128 125 120 114 112 107 102 98 96 95 95 94 94 92 92 94 92 92 92 91 88 82 77 74 74 74 73 70 68 66 65 65 65 65 64 62 59 55 52 50 47 46 44 42 40 40 40 38 36 35 33 32 32 32 31 30 29 27 25 25 27 28 28 28 29 30 31 31 32 33 33 33 34 34 34 33 32 30 29 28 27 27 27 27 28 29 29 28
145 144 143 141 137 135 130 129 128 128 124 119 113 110 107 102 98 95 94 95 95 94 92 91 92 92 94 95 92 90 84 80 77 77 77 75 74 70 69 67 67 67 65 62 61 58 55 53 50 47 45 43 40 39 39 38 37 36 34 33 32 31 31 29 29 29 28 28 28 28 28 29 29 30 31 32 32 32 33 33 33 34 34 34 33 32 31 30 29 29 29 29 29 29 29 28 28
148 145 144 142 137 134 129 126 126 126 122 118 113 109 107 102 98 95 95 96 96 94 92 90 91 94 95 95 94 91 87 83 81 80 80 79 77 75 72 70 70 70 66 62 61 59 57 54 50 47 44 40 39 37 37 37 36 35 34 33 32 31 30 29 29 29 29 29 30 29 29 29 30 31 32 33 33 33 33 33 34 34 34 34 33 32 31 30 30 30 31 31 31 30 29 28 28
145 144 143 142 140 135 129 125 124 122 121 118 114 110 106 102 99 97 96 97 97 94 92 90 90 92 92 92 92 90 85 83 81 81 81 81 80 79 77 76 75 74 70 66 62 61 58 55 52 47 44 40 40 38 37 37 37 36 34 33 32 31 30 29 29 29 29 30 30 30 29 30 31 32 33 34 34 34 34 34 34 34 34 33 33 32 31 31 30 30 31 32 31 30 29 28 28
144 143 142 142 140 136 130 126 122 121 119 117 114 110 106 102 99 99 98 98 97 94 91 89 90 91 91 91 90 88 84 82 80 80 82 83 84 83 83 82 81 79 74 70 66 64 60 57 53 49 46 44 40 39 38 38 38 37 35 33 32 31 30 30 29 30 30 30 30 30 30 30 31 32 33 34 34 34 34 34 34 33 33 33 32 32 31 31 30 31 31 32 31 30 29 28 28
143 143 143 143 141 139 134 129 124 119 117 115 114 109 105 102 100 99 98 97 96 92 90 89 89 90 90 89 88 85 84 82 79 80 81 83 84 85 85 84 84 82 77 72 68 64 61 57 54 50 47 45 42 40 39 39 38 37 36 33 32 31 31 30 30 30 30 30 30 30 30 31 31 32 33 33 34 33 33 33 33 33 33 32 32 31 31 31 31 31 31 32 31 30 29 28 28
144 143 144 144 143 141 136 132 126 119 115 114 112 107 104 102 102 99 97 96 94 91 89 88 88 90 88 87 85 84 83 80 79 79 81 83 84 87 87 87 85 83 77 73 68 64 61 57 54 51 49 46 44 40 40 40 39 38 36 33 32 32 31 31 31 31 31 31 30 30 31 31 31 32 33 33 33 33 32 32 32 32 32 32 31 31 31 31 31 31 31 32 31 30 29 28 28
145 145 145 145 144 142 139 135 129 121 114 112 110 106 104 103 104 99 97 95 92 90 88 87 88 90 88 85 84 84 82 81 80 79 80 82 84 85 85 84 84 81 76 70 67 64 60 55 54 52 49 46 44 42 40 40 39 37 36 33 32 32 32 32 32 31 31 31 30 30 31 31 31 32 33 33 33 32 32 32 32 32 32 31 31 31 31 31 31 31 31 32 31 30 29 28 28
148 149 150 149 147 142 137 136 130 122 117 112 110 107 105 105 104 100 97 96 92 89 88 87 89 89 88 85 84 84 83 82 81 80 80 80 82 83 83 83 82 80 74 69 65 62 59 55 53 52 49 46 44 42 40 40 38 37 35 33 32 32 32 32 32 32 31 31 30 30 31 31 32 32 33 33 33 32 32 32 31 31 31 31 31 31 31 31 31 31 31 32 31 30 29 28 28
150 151 151 150 145 141 136 133 129 124 117 112 110 109 109 107 105 102 99 97 94 91 88 89 89 89 87 84 84 85 85 84 83 81 80 79 80 81 80 80 80 77 72 68 64 62 58 55 53 52 49 46 44 42 40 39 38 37 35 33 32 32 33 33 33 33 32 31 30 30 32 32 32 33 33 33 33 32 32 31 31 31 31 31 31 31 31 31 31 31 31 32 31 30 29 28 28
151 151 151 150 144 140 135 130 128 124 118 114 111 112 112 110 106 103 100 99 96 92 90 89 90 89 87 84 84 87 88 88 84 83 81 79 79 79 77 77 77 75 70 66 64 61 58 55 53 52 50 46 44 42 40 39 38 36 34 33 32 32 33 34 34 33 31 31 30 30 32 32 32 33 33 33 33 32 31 31 30 30 30 30 30 31 31 31 31 31 31 32 31 30 29 28 28
151 151 150 148 144 137 134 130 129 126 120 114 113 114 114 110 106 102 100 99 97 92 91 90 90 90 87 84 85 88 89 89 88 84 82 80 79 77 76 75 76 74 70 68 65 62 60 57 54 52 50 47 45 43 40 38 37 35 34 33 32 32 33 33 33 32 31 30 29 30 31 31 32 32 32 32 32 32 31 31 30 30 30 29 29 29 30 30 30 30 31 31 30 29 29 28 27
151 151 149 145 142 137 134 132 130 127 122 117 114 114 113 110 105 102 100 99 98 95 92 90 91 90 88 85 85 88 89 89 89 88 84 82 79 77 76 75 76 76 74 70 69 67 64 60 55 54 52 50 47 44 40 38 37 35 33 32 32 32 32 32 31 31 30 29 28 29 30 30 31 31 31 32 32 32 32 31 31 31 30 29 28 28 28 28 29 29 30 30 29 29 28 27 27
150 150 148 144 141 136 135 132 129 127 122 117 114 114 112 109 105 102 102 102 99 96 92 91 91 91 89 88 87 87 89 90 90 89 85 83 80 77 77 77 77 77 76 74 70 69 65 60 57 54 53 51 47 44 40 38 37 35 34 33 32 32 32 30 30 29 29 28 28 29 30 31 31 31 32 32 32 32 32 32 32 31 30 29 28 28 28 28 28 29 30 30 29 29 28 27 27
149 149 147 144 141 136 135 132 129 126 121 115 114 114 112 109 106 104 104 103 100 97 92 90 90 91 89 87 85 85 88 90 90 88 85 82 79 77 76 77 77 77 76 74 73 70 66 61 57 55 53 51 49 45 42 39 37 35 34 33 32 32 30 30 29 29 29 29 29 30 31 31 32 32 33 33 33 33 33 32 32 31 30 29 28 28 29 29 29 29 30 30 29 29 28 27 27
148 145 144 144 141 136 135 133 130 128 122 118 115 114 114 111 107 106 105 104 100 96 91 89 88 88 87 85 84 85 88 89 88 85 84 81 77 75 74 75 76 75 75 74 73 70 68 62 59 55 54 51 49 45 42 39 38 36 34 34 33 32 30 29 28 28 28 29 29 30 31 31 32 33 34 34 34 34 33 33 32 31 30 30 29 29 29 29 29 29 30 30 29 29 28 27 27
145 144 144 143 140 136 135 134 133 129 125 120 118 118 115 114 110 107 106 105 102 96 91 87 87 85 84 84 84 84 85 87 85 84 84 81 77 76 74 73 73 74 73 73 73 72 69 64 59 55 54 52 49 45 42 40 39 36 35 34 34 33 31 29 28 28 28 29 30 30 31 32 32 33 34 35 34 34 33 33 32 31 31 30 30 30 30 30 30 30 30 30 29 29 28 27 27
145 144 144 142 140 136 135 135 134 129 125 121 120 119 118 114 111 107 107 106 102 97 92 88 85 84 83 82 82 84 84 84 84 84 84 83 82 80 77 76 75 74 73 73 73 73 70 65 60 57 55 52 50 46 43 40 39 37 35 35 34 33 31 29 28 28 28 29 30 31 31 32 32 33 35 35 34 34 33 32 31 31 31 31 30 30 30 30 30 29 29 30 29 29 28 27 27
144 143 142 141 140 136 135 134 133 129 125 121 119 119 118 114 112 109 107 107 103 98 92 90 87 84 82 80 80 81 82 82 84 84 85 87 88 87 84 82 79 77 75 73 74 74 70 65 61 58 55 52 50 47 44 40 40 38 36 34 33 32 30 29 28 28 29 29 29 30 30 31 32 33 35 35 35 34 32 32 31 31 31 31 31 31 31 30 30 29 29 30 29 29 28 27 27
